0.755607523001141
0.7219390955300294
0.7230467229997171
0.7400786085233746
0.7682201430516387
mean(5):0.7417784186211801
0.8120483087304591
0.7819858750880349
0.7803292486724239
0.7855450169548098
0.8147866536162063
mean(10):0.7949390206123869
0.846328494626824
0.8153108202054234
0.8265105541423947
0.8302542555067126
0.85429964936392
mean(15):0.8345407547690551
0.8652122939135083
0.8402683514151186
0.8496578368583242
0.8472659992176439
0.8710580669243585
mean(20):0.8546925096657907
0.8792803567357915
0.8561234767867724
0.8562990928263541
0.8571439054256844
0.8770619443090566
mean(25):0.8651817552167319
0.8905428126669706
0.8686933922378429
0.8690451237104078
0.8691429938765188
0.887388635989945
mean(30):0.8769625916963371
0.9170479092219819
0.9009574341725551
0.8972642553724509
0.8985696822517356
0.9110769339182485
mean(50):0.9049832429873945
0.9378256836220963
0.9252189518627678
0.9273744048160181
0.9212619346237663
0.9348626559966428
mean(70):0.9293087261842583
0.9674890879859797
0.9650533597326961
0.9564659684432063
0.9530930694307723
0.9601415007377151
mean(90):0.9604485972660738
